acid: 0.28825430095221405
death: 0.282096665684877
cases: 0.21128386011050135
body: 0.16779556103493368
blood: 0.1643318911970566
poisoning: 0.15663484711288533
case: 0.151631768458174
symptoms: 0.1485529508245055
solution: 0.1339285670645801
water: 0.1285406362056602
